YEAR MON  SSN   DEV
1749  1  58.0  24.1
1749  2  62.6  25.1
1749  3  70.0  26.6
1749  4  55.7  23.6
1749  5  85.0  29.4
1749  6  83.5  29.2
1749  7  94.8  31.1
1749  8  66.3  25.9
1749  9  75.9  27.7
1749 10  75.5  27.7
1749 11 158.6  40.6
1749 12  85.2  29.5
1750  1  73.3  27.3
1750  2  75.9  27.7
1750  3  89.2  30.2
1750  4  88.3  30.0
1750  5  90.0  30.3
1750  6 100.0  32.0
1750  7  85.4  29.5
1750  8 103.0  32.5
1750  9  91.2  30.5
1750 10  65.7  25.7
1750 11  63.3  25.3
1750 12  75.4  27.7
1751  1  70.0  26.6
1751  2  43.5  20.8
1751  3  45.3  21.2
1751  4  56.4  23.8
1751  5  60.7  24.7
1751  6  50.7  22.5
1751  7  66.3  25.9
1751  8  59.8  24.5
1751  9  23.5  15.0
1751 10  23.2  14.9
1751 11  28.5  16.6
1751 12  44.0  20.9
1752  1  35.0  18.5
1752  2  50.0  22.3
1752  3  71.0  26.8
1752  4  59.3  24.4
1752  5  59.7  24.5
1752  6  39.6  19.8
1752  7  78.4  28.2
1752  8  29.3  16.9
1752  9  27.1  16.2
1752 10  46.6  21.5
1752 11  37.6  19.2
1752 12  40.0  19.9
1753  1  44.0  20.9
1753  2  32.0  17.7
1753  3  45.7  21.3
1753  4  38.0  19.3
1753  5  36.0  18.8
1753  6  31.7  17.6
1753  7  22.0  14.5
1753  8  39.0  19.6
1753  9  28.0  16.5
1753 10  25.0  15.5
1753 11  20.0  13.8
1753 12   6.7   7.5
1754  1   0.0   1.0
1754  2   3.0   4.7
1754  3   1.7   3.3
1754  4  13.7  11.2
1754  5  20.7  14.0
1754  6  26.7  16.1
1754  7  18.8  13.3
1754  8  12.3  10.6
1754  9   8.2   8.4
1754 10  24.1  15.2
1754 11  13.2  11.0
1754 12   4.2   5.8
1755  1  10.2   9.5
1755  2  11.2  10.0
1755  3   6.8   7.6
1755  4   6.5   7.4
1755  5   0.0   1.0
1755  6   0.0   1.0
1755  7   8.6   8.7
1755  8   3.2   4.9
1755  9  17.8  12.9
1755 10  23.7  15.1
1755 11   6.8   7.6
1755 12  20.0  13.8
1756  1  12.5  10.7
1756  2   7.1   7.8
1756  3   5.4   6.7
1756  4   9.4   9.1
1756  5  12.5  10.7
1756  6  12.9  10.9
1756  7   3.6   5.3
1756  8   6.4   7.3
1756  9  11.8  10.3
1756 10  14.3  11.5
1756 11  17.0  12.6
1756 12   9.4   9.1
1757  1  14.1  11.4
1757  2  21.2  14.2
1757  3  26.2  15.9
1757  4  30.0  17.1
1757  5  38.1  19.4
1757  6  12.8  10.8
1757  7  25.0  15.5
1757  8  51.3  22.6
1757  9  39.7  19.8
1757 10  32.5  17.8
1757 11  64.7  25.5
1757 12  33.5  18.1
1758  1  37.6  19.2
1758  2  52.0  22.8
1758  3  49.0  22.1
1758  4  72.3  27.1
1758  5  46.4  21.5
1758  6  45.0  21.1
1758  7  44.0  20.9
1758  8  38.7  19.5
1758  9  62.5  25.1
1758 10  37.7  19.3
1758 11  43.0  20.6
1758 12  43.0  20.6
1759  1  48.3  21.9
1759  2  44.0  20.9
1759  3  46.8  21.6
1759  4  47.0  21.6
1759  5  49.0  22.1
1759  6  50.0  22.3
1759  7  51.0  22.6
1759  8  71.3  26.9
1759  9  77.2  28.0
1759 10  59.7  24.5
1759 11  46.3  21.5
1759 12  57.0  23.9
1760  1  67.3  26.1
1760  2  59.5  24.5
1760  3  74.7  27.5
1760  4  58.3  24.2
1760  5  72.0  27.0
1760  6  48.3  21.9
1760  7  66.0  25.8
1760  8  75.6  27.7
1760  9  61.3  24.8
1760 10  50.6  22.5
1760 11  59.7  24.5
1760 12  61.0  24.8
1761  1  70.0  26.6
1761  2  91.0  30.5
1761  3  80.7  28.6
1761  4  71.7  26.9
1761  5 107.2  33.2
1761  6  99.3  31.9
1761  7  94.1  31.0
1761  8  91.1  30.5
1761  9 100.7  32.1
1761 10  88.7  30.1
1761 11  89.7  30.3
1761 12  46.0  21.4
1762  1  43.8  20.8
1762  2  72.8  27.2
1762  3  45.7  21.3
1762  4  60.2  24.6
1762  5  39.9  19.8
1762  6  77.1  28.0
1762  7  33.8  18.2
1762  8  67.7  26.2
1762  9  68.5  26.3
1762 10  69.3  26.5
1762 11  77.8  28.1
1762 12  77.2  28.0
1763  1  56.5  23.8
1763  2  31.9  17.6
1763  3  34.2  18.3
1763  4  32.9  17.9
1763  5  32.7  17.9
1763  6  35.8  18.7
1763  7  54.2  23.3
1763  8  26.5  16.0
1763  9  68.1  26.2
1763 10  46.3  21.5
1763 11  60.9  24.8
1763 12  61.4  24.9
1764  1  59.7  24.5
1764  2  59.7  24.5
1764  3  40.2  19.9
1764  4  34.4  18.4
1764  5  44.3  21.0
1764  6  30.0  17.1
1764  7  30.0  17.1
1764  8  30.0  17.1
1764  9  28.2  16.5
1764 10  28.0  16.5
1764 11  26.0  15.8
1764 12  25.7  15.7
1765  1  24.0  15.2
1765  2  26.0  15.8
1765  3  25.0  15.5
1765  4  22.0  14.5
1765  5  20.2  13.8
1765  6  20.0  13.8
1765  7  27.0  16.1
1765  8  29.7  17.0
1765  9  16.0  12.2
1765 10  14.0  11.3
1765 11  14.0  11.3
1765 12  13.0  10.9
1766  1  12.0  10.4
1766  2  11.0   9.9
1766  3  36.6  19.0
1766  4   6.0   7.1
1766  5  26.8  16.1
1766  6   3.0   4.7
1766  7   3.3   5.0
1766  8   4.0   5.6
1766  9   4.3   5.8
1766 10   5.0   6.4
1766 11   5.7   6.9
1766 12  19.2  13.5
1767  1  27.4  16.3
1767  2  30.0  17.1
1767  3  43.0  20.6
1767  4  32.9  17.9
1767  5  29.8  17.0
1767  6  33.3  18.0
1767  7  21.9  14.4
1767  8  40.8  20.1
1767  9  42.7  20.6
1767 10  44.1  20.9
1767 11  54.7  23.4
1767 12  53.3  23.1
1768  1  53.5  23.1
1768  2  66.1  25.8
1768  3  46.3  21.5
1768  4  42.7  20.6
1768  5  77.7  28.1
1768  6  77.4  28.0
1768  7  52.6  22.9
1768  8  66.8  26.0
1768  9  74.8  27.5
1768 10  77.8  28.1
1768 11  90.6  30.4
1768 12 111.8  33.9
1769  1  73.9  27.4
1769  2  64.2  25.4
1769  3  64.3  25.5
1769  4  96.7  31.5
1769  5  73.6  27.3
1769  6  94.4  31.1
1769  7 118.6  34.9
1769  8 120.3  35.2
1769  9 148.8  39.3
1769 10 158.2  40.5
1769 11 148.1  39.2
1769 12 112.0  33.9
1770  1 104.0  32.7
1770  2 142.5  38.4
1770  3  80.1  28.5
1770  4  51.0  22.6
1770  5  70.1  26.6
1770  6  83.3  29.1
1770  7 109.8  33.6
1770  8 126.3  36.1
1770  9 104.4  32.7
1770 10 103.6  32.6
1770 11 132.2  36.9
1770 12 102.3  32.4
1771  1  36.0  18.8
1771  2  46.2  21.4
1771  3  46.7  21.6
1771  4  64.9  25.6
1771  5 152.7  39.8
1771  6 119.5  35.1
1771  7  67.7  26.2
1771  8  58.5  24.2
1771  9 101.4  32.2
1771 10  90.0  30.3
1771 11  99.7  32.0
1771 12  95.7  31.3
1772  1 100.9  32.1
1772  2  90.8  30.4
1772  3  31.1  17.4
1772  4  92.2  30.7
1772  5  38.0  19.3
1772  6  57.0  23.9
1772  7  77.3  28.0
1772  8  56.2  23.7
1772  9  50.5  22.5
1772 10  78.6  28.3
1772 11  61.3  24.8
1772 12  64.0  25.4
1773  1  54.6  23.4
1773  2  29.0  16.8
1773  3  51.2  22.6
1773  4  32.9  17.9
1773  5  41.1  20.2
1773  6  28.4  16.6
1773  7  27.7  16.4
1773  8  12.7  10.8
1773  9  29.3  16.9
1773 10  26.3  15.9
1773 11  40.9  20.1
1773 12  43.2  20.7
1774  1  46.8  21.6
1774  2  65.4  25.7
1774  3  55.7  23.6
1774  4  43.8  20.8
1774  5  51.3  22.6
1774  6  28.5  16.6
1774  7  17.5  12.8
1774  8   6.6   7.5
1774  9   7.9   8.3
1774 10  14.0  11.3
1774 11  17.7  12.9
1774 12  12.2  10.5
1775  1   4.4   5.9
1775  2   0.0   1.0
1775  3  11.6  10.2
1775  4  11.2  10.0
1775  5   3.9   5.5
1775  6  12.3  10.6
1775  7   1.0   2.3
1775  8   7.9   8.3
1775  9   3.2   4.9
1775 10   5.6   6.8
1775 11  15.1  11.8
1775 12   7.9   8.3
1776  1  21.7  14.4
1776  2  11.6  10.2
1776  3   6.3   7.3
1776  4  21.8  14.4
1776  5  11.2  10.0
1776  6  19.0  13.4
1776  7   1.0   2.3
1776  8  24.2  15.2
1776  9  16.0  12.2
1776 10  30.0  17.1
1776 11  35.0  18.5
1776 12  40.0  19.9
1777  1  45.0  21.1
1777  2  36.5  18.9
1777  3  39.0  19.6
1777  4  95.5  31.2
1777  5  80.3  28.6
1777  6  80.7  28.6
1777  7  95.0  31.2
1777  8 112.0  33.9
1777  9 116.2  34.6
1777 10 106.5  33.1
1777 11 146.0  38.9
1777 12 157.3  40.4
1778  1 177.3  42.9
1778  2 109.3  33.5
1778  3 134.0  37.2
1778  4 145.0  38.7
1778  5 238.9  50.0
1778  6 171.6  42.2
1778  7 153.0  39.8
1778  8 140.0  38.0
1778  9 171.7  42.2
1778 10 156.3  40.3
1778 11 150.3  39.5
1778 12 105.0  32.8
1779  1 114.7  34.3
1779  2 165.7  41.5
1779  3 118.0  34.8
1779  4 145.0  38.7
1779  5 140.0  38.0
1779  6 113.7  34.2
1779  7 143.0  38.5
1779  8 112.0  33.9
1779  9 111.0  33.8
1779 10 124.0  35.7
1779 11 114.0  34.2
1779 12 110.0  33.6
1780  1  70.0  26.6
1780  2  98.0  31.7
1780  3  98.0  31.7
1780  4  95.0  31.2
1780  5 107.2  33.2
1780  6  88.0  30.0
1780  7  86.0  29.6
1780  8  86.0  29.6
1780  9  93.7  30.9
1780 10  77.0  28.0
1780 11  60.0  24.6
1780 12  58.7  24.3
1781  1  98.7  31.8
1781  2  74.7  27.5
1781  3  53.0  23.0
1781  4  68.3  26.3
1781  5 104.7  32.8
1781  6  97.7  31.6
1781  7  73.5  27.3
1781  8  66.0  25.8
1781  9  51.0  22.6
1781 10  27.3  16.2
1781 11  67.0  26.0
1781 12  35.2  18.6
1782  1  54.0  23.2
1782  2  37.5  19.2
1782  3  37.0  19.1
1782  4  41.0  20.1
1782  5  54.3  23.3
1782  6  38.0  19.3
1782  7  37.0  19.1
1782  8  44.0  20.9
1782  9  34.0  18.2
1782 10  23.2  14.9
1782 11  31.5  17.5
1782 12  30.0  17.1
1783  1  28.0  16.5
1783  2  38.7  19.5
1783  3  26.7  16.1
1783  4  28.3  16.6
1783  5  23.0  14.8
1783  6  25.2  15.6
1783  7  32.2  17.7
1783  8  20.0  13.8
1783  9  18.0  13.0
1783 10   8.0   8.3
1783 11  15.0  11.8
1783 12  10.5   9.7
1784  1  13.0  10.9
1784  2   8.0   8.3
1784  3  11.0   9.9
1784  4  10.0   9.4
1784  5   6.0   7.1
1784  6   9.0   8.9
1784  7   6.0   7.1
1784  8  10.0   9.4
1784  9  10.0   9.4
1784 10   8.0   8.3
1784 11  17.0  12.6
1784 12  14.0  11.3
1785  1   6.5   7.4
1785  2   8.0   8.3
1785  3   9.0   8.9
1785  4  15.7  12.1
1785  5  20.7  14.0
1785  6  26.3  15.9
1785  7  36.3  18.9
1785  8  20.0  13.8
1785  9  32.0  17.7
1785 10  47.2  21.7
1785 11  40.2  19.9
1785 12  27.3  16.2
1786  1  37.2  19.1
1786  2  47.6  21.8
1786  3  47.7  21.8
1786  4  85.4  29.5
1786  5  92.3  30.7
1786  6  59.0  24.3
1786  7  83.0  29.1
1786  8  89.7  30.3
1786  9 111.5  33.8
1786 10 112.3  34.0
1786 11 116.0  34.5
1786 12 112.7  34.0
1787  1 134.7  37.3
1787  2 106.0  33.0
1787  3  87.4  29.9
1787  4 127.2  36.2
1787  5 134.8  37.3
1787  6  99.2  31.9
1787  7 128.0  36.3
1787  8 137.2  37.7
1787  9 157.3  40.4
1787 10 157.0  40.3
1787 11 141.5  38.3
1787 12 174.0  42.5
1788  1 138.0  37.8
1788  2 129.2  36.5
1788  3 143.3  38.5
1788  4 108.5  33.4
1788  5 113.0  34.1
1788  6 154.2  40.0
1788  7 141.5  38.3
1788  8 136.0  37.5
1788  9 141.0  38.2
1788 10 142.0  38.3
1788 11  94.7  31.1
1788 12 129.5  36.6
1789  1 114.0  34.2
1789  2 125.3  35.9
1789  3 120.0  35.1
1789  4 123.3  35.6
1789  5 123.5  35.7
1789  6 120.0  35.1
1789  7 117.0  34.7
1789  8 103.0  32.5
1789  9 112.0  33.9
1789 10  89.7  30.3
1789 11 134.0  37.2
1789 12 135.5  37.4
1790  1 103.0  32.5
1790  2 127.5  36.3
1790  3  96.3  31.4
1790  4  94.0  31.0
1790  5  93.0  30.8
1790  6  91.0  30.5
1790  7  69.3  26.5
1790  8  87.0  29.8
1790  9  77.3  28.0
1790 10  84.3  29.3
1790 11  82.0  28.9
1790 12  74.0  27.4
1791  1  72.7  27.1
1791  2  62.0  25.0
1791  3  74.0  27.4
1791  4  77.2  28.0
1791  5  73.7  27.3
1791  6  64.2  25.4
1791  7  71.0  26.8
1791  8  43.0  20.6
1791  9  66.5  25.9
1791 10  61.7  24.9
1791 11  67.0  26.0
1791 12  66.0  25.8
1792  1  58.0  24.1
1792  2  64.0  25.4
1792  3  63.0  25.2
1792  4  75.7  27.7
1792  5  62.0  25.0
1792  6  61.0  24.8
1792  7  45.8  21.3
1792  8  60.0  24.6
1792  9  59.0  24.3
1792 10  59.0  24.3
1792 11  57.0  23.9
1792 12  56.0  23.7
1793  1  56.0  23.7
1793  2  55.0  23.5
1793  3  55.5  23.6
1793  4  53.0  23.0
1793  5  52.3  22.9
1793  6  51.0  22.6
1793  7  50.0  22.3
1793  8  29.3  16.9
1793  9  24.0  15.2
1793 10  47.0  21.6
1793 11  44.0  20.9
1793 12  45.7  21.3
1794  1  45.0  21.1
1794  2  44.0  20.9
1794  3  38.0  19.3
1794  4  28.4  16.6
1794  5  55.7  23.6
1794  6  41.5  20.3
1794  7  41.0  20.1
1794  8  40.0  19.9
1794  9  11.1  10.0
1794 10  28.5  16.6
1794 11  67.4  26.1
1794 12  51.4  22.7
1795  1  21.4  14.3
1795  2  39.9  19.8
1795  3  12.6  10.7
1795  4  18.6  13.2
1795  5  31.0  17.4
1795  6  17.1  12.6
1795  7  12.9  10.9
1795  8  25.7  15.7
1795  9  13.5  11.1
1795 10  19.5  13.6
1795 11  25.0  15.5
1795 12  18.0  13.0
1796  1  22.0  14.5
1796  2  23.8  15.1
1796  3  15.7  12.1
1796  4  31.7  17.6
1796  5  21.0  14.1
1796  6   6.7   7.5
1796  7  26.9  16.1
1796  8   1.5   3.0
1796  9  18.4  13.2
1796 10  11.0   9.9
1796 11   8.4   8.6
1796 12   5.1   6.5
1797  1  14.4  11.5
1797  2   4.2   5.8
1797  3   4.0   5.6
1797  4   4.0   5.6
1797  5   7.3   7.9
1797  6  11.1  10.0
1797  7   4.3   5.8
1797  8   6.0   7.1
1797  9   5.7   6.9
1797 10   6.9   7.7
1797 11   5.8   6.9
1797 12   3.0   4.7
1798  1   2.0   3.7
1798  2   4.0   5.6
1798  3  12.4  10.6
1798  4   1.1   2.5
1798  5   0.0   1.0
1798  6   0.0   1.0
1798  7   0.0   1.0
1798  8   3.0   4.7
1798  9   2.4   4.1
1798 10   1.5   3.0
1798 11  12.5  10.7
1798 12   9.9   9.4
1799  1   1.6   3.2
1799  2  12.6  10.7
1799  3  21.7  14.4
1799  4   8.4   8.6
1799  5   8.2   8.4
1799  6  10.6   9.7
1799  7   2.1   3.8
1799  8   0.0   1.0
1799  9   0.0   1.0
1799 10   4.6   6.1
1799 11   2.7   4.4
1799 12   8.6   8.7
1800  1   6.9   7.7
1800  2   9.3   9.1
1800  3  13.9  11.3
1800  4   0.0   1.0
1800  5   5.0   6.4
1800  6  23.7  15.1
1800  7  21.0  14.1
1800  8  19.5  13.6
1800  9  11.5  10.2
1800 10  12.3  10.6
1800 11  10.5   9.7
1800 12  40.1  19.9
1801  1  27.0  16.1
1801  2  29.0  16.8
1801  3  30.0  17.1
1801  4  31.0  17.4
1801  5  32.0  17.7
1801  6  31.2  17.4
1801  7  35.0  18.5
1801  8  38.7  19.5
1801  9  33.5  18.1
1801 10  32.6  17.8
1801 11  39.8  19.8
1801 12  48.2  21.9
1802  1  47.8  21.8
1802  2  47.0  21.6
1802  3  40.8  20.1
1802  4  42.0  20.4
1802  5  44.0  20.9
1802  6  46.0  21.4
1802  7  48.0  21.9
1802  8  50.0  22.3
1802  9  51.8  22.8
1802 10  38.5  19.5
1802 11  34.5  18.4
1802 12  50.0  22.3
1803  1  50.0  22.3
1803  2  50.8  22.5
1803  3  29.5  16.9
1803  4  25.0  15.5
1803  5  44.3  21.0
1803  6  36.0  18.8
1803  7  48.3  21.9
1803  8  34.1  18.3
1803  9  45.3  21.2
1803 10  54.3  23.3
1803 11  51.0  22.6
1803 12  48.0  21.9
1804  1  45.3  21.2
1804  2  48.3  21.9
1804  3  48.0  21.9
1804  4  50.6  22.5
1804  5  33.4  18.1
1804  6  34.8  18.5
1804  7  29.8  17.0
1804  8  43.1  20.7
1804  9  53.0  23.0
1804 10  62.3  25.0
1804 11  61.0  24.8
1804 12  60.0  24.6
1805  1  61.0  24.8
1805  2  44.1  20.9
1805  3  51.4  22.7
1805  4  37.5  19.2
1805  5  39.0  19.6
1805  6  40.5  20.0
1805  7  37.6  19.2
1805  8  42.7  20.6
1805  9  44.4  21.0
1805 10  29.4  16.9
1805 11  41.0  20.1
1805 12  38.3  19.4
1806  1  39.0  19.6
1806  2  29.6  17.0
1806  3  32.7  17.9
1806  4  27.7  16.4
1806  5  26.4  16.0
1806  6  25.6  15.7
1806  7  30.0  17.1
1806  8  26.3  15.9
1806  9  24.0  15.2
1806 10  27.0  16.1
1806 11  25.0  15.5
1806 12  24.0  15.2
1807  1  12.0  10.4
1807  2  12.2  10.5
1807  3   9.6   9.2
1807  4  23.8  15.1
1807  5  10.0   9.4
1807  6  12.0  10.4
1807  7  12.7  10.8
1807  8  12.0  10.4
1807  9   5.7   6.9
1807 10   8.0   8.3
1807 11   2.6   4.3
1807 12   0.0   1.0
1808  1   0.0   1.0
1808  2   4.5   6.0
1808  3   0.0   1.0
1808  4  12.3  10.6
1808  5  13.5  11.1
1808  6  13.5  11.1
1808  7   6.7   7.5
1808  8   8.0   8.3
1808  9  11.7  10.3
1808 10   4.7   6.2
1808 11  10.5   9.7
1808 12  12.3  10.6
1809  1   7.2   7.9
1809  2   9.2   9.0
1809  3   0.9   2.1
1809  4   2.5   4.2
1809  5   2.0   3.7
1809  6   7.7   8.2
1809  7   0.3   0.8
1809  8   0.2   0.5
1809  9   0.4   1.1
1809 10   0.0   1.0
1809 11   0.0   1.0
1809 12   0.0   1.0
1810  1   0.0   1.0
1810  2   0.0   1.0
1810  3   0.0   1.0
1810  4   0.0   1.0
1810  5   0.0   1.0
1810  6   0.0   1.0
1810  7   0.0   1.0
1810  8   0.0   1.0
1810  9   0.0   1.0
1810 10   0.0   1.0
1810 11   0.0   1.0
1810 12   0.0   1.0
1811  1   0.0   1.0
1811  2   0.0   1.0
1811  3   0.0   1.0
1811  4   0.0   1.0
1811  5   0.0   1.0
1811  6   0.0   1.0
1811  7   6.6   7.5
1811  8   0.0   1.0
1811  9   2.4   4.1
1811 10   6.1   7.2
1811 11   0.8   2.0
1811 12   1.1   2.5
1812  1  11.3  10.1
1812  2   1.9   3.5
1812  3   0.7   1.8
1812  4   0.0   1.0
1812  5   1.0   2.3
1812  6   1.3   2.8
1812  7   0.5   1.3
1812  8  15.6  12.0
1812  9   5.2   6.5
1812 10   3.9   5.5
1812 11   7.9   8.3
1812 12  10.1   9.5
1813  1   0.0   1.0
1813  2  10.3   9.6
1813  3   1.9   3.5
1813  4  16.6  12.4
1813  5   5.5   6.7
1813  6  11.2  10.0
1813  7  18.3  13.1
1813  8   8.4   8.6
1813  9  15.3  11.9
1813 10  27.8  16.4
1813 11  16.7  12.5
1813 12  14.3  11.5
1814  1  22.2  14.5
1814  2  12.0  10.4
1814  3   5.7   6.9
1814  4  23.8  15.1
1814  5   5.8   6.9
1814  6  14.9  11.7
1814  7  18.5  13.2
1814  8   2.3   4.0
1814  9   8.1   8.4
1814 10  19.3  13.5
1814 11  14.5  11.6
1814 12  20.1  13.8
1815  1  19.2  13.5
1815  2  32.2  17.7
1815  3  26.2  15.9
1815  4  31.6  17.6
1815  5   9.8   9.3
1815  6  55.9  23.7
1815  7  35.5  18.7
1815  8  47.2  21.7
1815  9  31.5  17.5
1815 10  33.5  18.1
1815 11  37.2  19.1
1815 12  65.0  25.6
1816  1  26.3  15.9
1816  2  68.8  26.4
1816  3  73.7  27.3
1816  4  58.8  24.3
1816  5  44.3  21.0
1816  6  43.6  20.8
1816  7  38.8  19.6
1816  8  23.2  14.9
1816  9  47.8  21.8
1816 10  56.4  23.8
1816 11  38.1  19.4
1816 12  29.9  17.0
1817  1  36.4  18.9
1817  2  57.9  24.1
1817  3  96.2  31.4
1817  4  26.4  16.0
1817  5  21.2  14.2
1817  6  40.0  19.9
1817  7  50.0  22.3
1817  8  45.0  21.1
1817  9  36.7  19.0
1817 10  25.6  15.7
1817 11  28.9  16.7
1817 12  28.4  16.6
1818  1  34.9  19.8
1818  2  22.4  32.8
1818  3  25.4  14.7
1818  4  34.5  11.4
1818  5  53.1  28.8
1818  6  36.4  18.2
1818  7  28.0  11.5
1818  8  31.5  15.6
1818  9  26.1  14.9
1818 10  31.6  26.3
1818 11  10.9   8.3
1818 12  25.8  22.6
1819  1  32.8  12.3
1819  2  20.7  14.3
1819  3   3.7   6.0
1819  4  20.2  18.0
1819  5  19.6  17.2
1819  6  35.0  17.8
1819  7  31.4  21.7
1819  8  26.1  20.4
1819  9  14.9  15.0
1819 10  27.5  13.2
1819 11  25.1  26.7
1819 12  30.6  10.1
1820  1  19.2  18.6
1820  2  26.6  11.4
1820  3   4.5  11.2
1820  4  19.4  17.4
1820  5  29.4  15.4
1820  6  10.8  14.2
1820  7  20.6  18.3
1820  8  25.9   9.0
1820  9   5.2   7.7
1820 10   8.9  15.0
1820 11   7.9   9.0
1820 12   9.1  14.4
1821  1  21.5   9.9
1821  2   4.2  10.7
1821  3   5.7   8.0
1821  4   9.2  11.3
1821  5   1.7   4.7
1821  6   1.8   5.4
1821  7   2.5   7.0
1821  8   4.8   7.4
1821  9   4.4   9.1
1821 10  18.9  12.4
1821 11   4.4   9.5
1821 12   0.3   1.4
1822  1   0.0   0.0
1822  2   0.9   4.7
1822  3  16.1  13.3
1822  4  13.0  11.7
1822  5   1.5   5.6
1822  6   5.6  10.7
1822  7   8.0  13.8
1822  8   2.1   6.8
1822  9   0.0   0.0
1822 10   0.4   2.0
1822 11   0.0   0.0
1822 12   0.0   0.0
1823  1   0.0   0.0
1823  2   0.0   0.0
1823  3   0.6   3.2
1823  4   0.0   0.0
1823  5   0.0   0.0
1823  6   0.0   0.0
1823  7   0.5   2.2
1823  8   0.0   0.0
1823  9   0.0   0.0
1823 10   0.0   0.0
1823 11   0.0   0.0
1823 12  20.4   4.1
1824  1  21.7   1.2
1824  2   0.0   0.0
1824  3   0.0   0.0
1824  4  19.4   9.4
1824  5   2.8   7.6
1824  6   0.0   0.0
1824  7   0.0   0.0
1824  8   1.4   5.4
1824  9  20.5  20.4
1824 10  25.2  13.1
1824 11   0.0   0.0
1824 12   0.9   2.9
1825  1   5.0  10.9
1825  2  15.5  20.1
1825  3  22.4  25.3
1825  4   3.8   8.4
1825  5  15.5   4.8
1825  6  15.4  11.2
1825  7  30.9  20.6
1825  8  25.7  18.1
1825  9  15.7  14.9
1825 10  15.6  15.1
1825 11  11.7  10.8
1825 12  22.0  20.1
1826  1  17.7  12.3
1826  2  18.2  10.2
1826  3  36.7  14.0
1826  4  24.0  17.2
1826  5  32.4  15.3
1826  6  37.1  20.7
1826  7  52.5  21.6
1826  8  39.6  31.0
1826  9  18.9  18.7
1826 10  50.6  16.3
1826 11  39.5  31.9
1826 12  68.1  37.4
1827  1  34.6  23.0
1827  2  47.4  23.7
1827  3  57.8  22.6
1827  4  46.0  15.7
1827  5  56.3  21.1
1827  6  56.7  28.1
1827  7  42.3  20.7
1827  8  53.7  17.6
1827  9  49.6  19.2
1827 10  56.1  20.5
1827 11  48.3  26.6
1827 12  46.1  17.6
1828  1  52.8  29.7
1828  2  64.4  12.2
1828  3  65.0  26.7
1828  4  61.1  31.3
1828  5  89.1  28.3
1828  6  98.0  44.2
1828  7  54.2  29.3
1828  8  76.5  25.3
1828  9  50.4  20.1
1828 10  54.7  28.7
1828 11  57.0  22.3
1828 12  46.9  22.8
1829  1  43.0  12.0
1829  2  49.4  22.3
1829  3  72.3  22.1
1829  4  95.0  28.3
1829  5  67.4  34.1
1829  6  73.9  41.8
1829  7  90.9  26.1
1829  8  77.6  30.6
1829  9  52.8  26.4
1829 10  57.2  17.5
1829 11  67.6  27.4
1829 12  56.5  22.3
1830  1  52.2  33.9
1830  2  72.1  25.4
1830  3  84.7  23.1
1830  4 106.3  30.5
1830  5  66.3  25.3
1830  6  65.1  18.8
1830  7  43.9  16.9
1830  8  50.7  24.3
1830  9  62.1  16.9
1830 10  84.4  22.6
1830 11  81.3  17.7
1830 12  82.2  17.0
1831  1  47.5  36.6
1831  2  50.1  32.7
1831  3  93.4  24.5
1831  4  54.5  20.8
1831  5  38.1  20.9
1831  6  33.4  21.1
1831  7  45.2  29.8
1831  8  55.0  23.1
1831  9  37.9  17.2
1831 10  46.3  20.0
1831 11  43.5  13.2
1831 12  28.9  17.5
1832  1  30.9  24.3
1832  2  55.6  22.5
1832  3  55.1  20.4
1832  4  26.9  16.5
1832  5  41.3  15.9
1832  6  26.7  10.7
1832  7  14.0  12.9
1832  8   8.9  10.6
1832  9   8.2   9.7
1832 10  21.1  10.0
1832 11  14.3  11.9
1832 12  27.5  19.9
1833  1  11.3  17.1
1833  2  15.0  15.9
1833  3  11.8  12.1
1833  4   2.8   6.0
1833  5  12.9  10.6
1833  6   1.0   3.8
1833  7   7.0   9.2
1833  8   5.7   9.0
1833  9  11.6  17.2
1833 10   7.5  11.4
1833 11   5.9   7.2
1833 12   9.9   8.1
1834  1   4.9   8.7
1834  2  18.1  12.9
1834  3   3.9   8.4
1834  4   1.4   5.1
1834  5   8.8   9.9
1834  6   7.8   8.8
1834  7   8.7  10.9
1834  8   4.0   7.2
1834  9  11.5   7.8
1834 10  24.8  19.8
1834 11  30.5  28.7
1834 12  34.5  25.8
1835  1   7.5  11.0
1835  2  24.5  12.0
1835  3  19.7  14.6
1835  4  61.5  19.0
1835  5  43.6  32.0
1835  6  33.2  14.4
1835  7  59.8  23.1
1835  8  59.0   5.7
1835  9 100.8  26.0
1835 10  95.2  44.8
1835 11 100.0  33.0
1835 12  77.5  29.6
1836  1  88.6  27.1
1836  2 107.6  34.0
1836  3  98.2  42.4
1836  4 142.9  30.2
1836  5 111.4  22.1
1836  6 124.7  33.8
1836  7 116.7  35.1
1836  8 107.8  26.2
1836  9  95.1  45.0
1836 10 137.4  70.7
1836 11 120.9  39.7
1836 12 206.3  10.8
1837  1 188.0  36.0
1837  2 175.6  47.7
1837  3 134.6  18.0
1837  4 138.2  39.0
1837  5 111.7  37.7
1837  6 158.0  34.5
1837  7 162.8  35.5
1837  8 134.0  27.6
1837  9  96.3  22.8
1837 10 123.7  36.3
1837 11 107.0  36.2
1837 12 129.8  53.8
1838  1 144.9  71.2
1838  2  84.8  45.7
1838  3 140.8  46.9
1838  4 126.6  44.2
1838  5 137.6  20.7
1838  6  94.5  32.3
1838  7 108.2  26.8
1838  8  78.8  26.9
1838  9  73.6  34.2
1838 10  90.8  30.6
1838 11  77.4  25.3
1838 12  79.8  30.5
1839  1 105.6  39.4
1839  2 102.5  21.0
1839  3  77.7  35.4
1839  4  61.8  12.3
1839  5  53.8  14.0
1839  6  54.7  15.9
1839  7  84.8  40.9
1839  8 131.2  34.7
1839  9 132.7  48.0
1839 10  90.9  35.8
1839 11  68.8  34.5
1839 12  63.7  35.8
1840  1  81.2  26.9
1840  2  87.7  43.0
1840  3  67.8  26.6
1840  4  65.9  39.6
1840  5  69.2  24.6
1840  6  48.5  13.1
1840  7  60.7  25.6
1840  8  57.8  19.4
1840  9  74.0  30.7
1840 10  55.1  27.7
1840 11  54.3  20.2
1840 12  53.7  18.8
1841  1  24.1  22.7
1841  2  29.9  16.4
1841  3  29.7  21.4
1841  4  40.2  17.4
1841  5  67.5  16.2
1841  6  55.7  13.4
1841  7  30.9  19.7
1841  8  39.3  16.4
1841  9  36.5  21.0
1841 10  28.5  16.9
1841 11  19.8  10.6
1841 12  38.8  27.4
1842  1  20.4  21.6
1842  2  22.1  18.5
1842  3  21.7  21.8
1842  4  26.9  18.0
1842  5  24.9  21.2
1842  6  20.5   8.3
1842  7  12.6  16.0
1842  8  26.6  12.6
1842  9  18.4  12.5
1842 10  38.1  12.7
1842 11  40.5  18.9
1842 12  17.6  12.3
1843  1  13.3  13.4
1843  2   3.5   6.1
1843  3   8.3  11.7
1843  4   9.5  10.2
1843  5  21.1  17.7
1843  6  10.5  10.0
1843  7   9.5   9.9
1843  8  11.8  12.3
1843  9   4.2   7.1
1843 10   5.3   9.0
1843 11  19.1   9.8
1843 12  12.7  18.1
1844  1   9.5   8.7
1844  2  14.7  13.3
1844  3  13.6  10.4
1844  4  20.8  17.2
1844  5  11.6   7.7
1844  6   3.7   8.1
1844  7  21.2  24.2
1844  8  23.9  22.7
1844  9   7.0  12.4
1844 10  21.5  23.8
1844 11  10.8  15.5
1844 12  21.6  14.6
1845  1  25.7  13.8
1845  2  43.6  19.9
1845  3  43.3  20.8
1845  4  57.0  14.9
1845  5  47.8  28.7
1845  6  31.1  22.5
1845  7  30.6  21.8
1845  8  32.3  23.9
1845  9  29.6  28.3
1845 10  40.7  19.7
1845 11  39.4  21.7
1845 12  59.7  12.3
1846  1  38.7  19.4
1846  2  51.0  28.8
1846  3  63.9  24.4
1846  4  69.3  37.4
1846  5  60.0  29.9
1846  6  65.1  29.1
1846  7  46.5  15.6
1846  8  54.8  32.4
1846  9 107.1  32.3
1846 10  55.9  23.1
1846 11  60.4  28.8
1846 12  65.5  20.7
1847  1  62.6  46.9
1847  2  44.9  28.3
1847  3  85.7  47.9
1847  4  44.8  24.8
1847  5  75.5  25.4
1847  6  85.3  18.9
1847  7  52.2  28.8
1847  8 140.6  57.2
1847  9 160.9  39.8
1847 10 180.4  36.2
1847 11 138.9  48.1
1847 12 109.6  37.1
1848  1 159.1  22.7
1848  2 111.8  23.4
1848  3 108.6  18.7
1848  4 107.1  16.9
1848  5 102.2  22.7
1848  6 129.0  25.4
1848  7 139.2  36.5
1848  8 132.6  31.8
1848  9 100.3  32.0
1848 10 132.4  29.8
1848 11 114.6  41.8
1848 12 159.5  29.5
1849  1 157.0  24.6
1849  2 131.8  39.3
1849  3  96.2  29.4
1849  4 102.5  43.8
1849  5  80.6  29.0
1849  6  81.1  34.3
1849  7  78.0  24.6
1849  8  67.7  18.8
1849  9  93.7  22.5
1849 10  71.5  30.2
1849 11  99.0  43.5
1849 12  97.0  30.1
1850  1  78.0  30.6
1850  2  89.4  26.0
1850  3  82.6  23.9
1850  4  44.1  25.7
1850  5  61.6  21.6
1850  6  70.0  31.9
1850  7  39.1  37.1
1850  8  61.6  14.9
1850  9  86.2  18.5
1850 10  71.0  21.8
1850 11  54.8  28.7
1850 12  61.0  20.0
1851  1  75.5  43.8
1851  2 105.4  22.2
1851  3  64.6  11.5
1851  4  56.5  20.6
1851  5  62.6  24.6
1851  6  63.2  23.2
1851  7  36.1  20.0
1851  8  57.4  16.2
1851  9  67.9  21.6
1851 10  62.5  28.5
1851 11  51.0  18.4
1851 12  71.4  24.8
1852  1  68.4  23.2
1852  2  66.4  37.0
1852  3  61.2  20.2
1852  4  65.4  28.0
1852  5  54.9  19.2
1852  6  46.9  21.0
1852  7  42.1  16.8
1852  8  39.7  13.7
1852  9  37.5  16.6
1852 10  67.3  32.1
1852 11  54.3  29.7
1852 12  45.4  24.4
1853  1  41.1  23.0
1853  2  42.9  16.3
1853  3  37.7  24.0
1853  4  47.6  19.5
1853  5  34.7  13.1
1853  6  40.0  24.4
1853  7  45.9  19.2
1853  8  50.5  16.4
1853  9  33.5  14.7
1853 10  42.4  11.2
1853 11  28.8   6.2
1853 12  23.4  10.6
1854  1  15.4   9.3
1854  2  20.0  14.6
1854  3  20.7  15.4
1854  4  26.5  18.7
1854  5  24.0  18.9
1854  6  21.1   9.7
1854  7  18.7  12.1
1854  8  15.8   8.5
1854  9  22.4  17.1
1854 10  12.6  17.1
1854 11  28.2  15.4
1854 12  21.6  12.7
1855  1  12.3  15.1
1855  2  11.4   9.7
1855  3  17.4  11.8
1855  4   4.4   7.1
1855  5   9.1  14.5
1855  6   5.3   8.4
1855  7   0.4   2.0
1855  8   3.1   6.7
1855  9   0.0   0.0
1855 10   9.6   7.1
1855 11   4.2   6.7
1855 12   3.1   7.6
1856  1   0.5   2.9
1856  2   4.9   7.0
1856  3   0.4   2.2
1856  4   6.5   8.1
1856  5   0.0   0.0
1856  6   5.2   9.3
1856  7   4.6   6.4
1856  8   5.9   7.4
1856  9   4.4   7.1
1856 10   4.5   7.6
1856 11   7.7   8.5
1856 12   7.2   8.9
1857  1  13.7   8.1
1857  2   7.4   8.2
1857  3   5.2   6.3
1857  4  11.1  10.9
1857  5  28.5  16.7
1857  6  16.0  11.2
1857  7  22.2  13.2
1857  8  16.9  12.9
1857  9  42.4  14.1
1857 10  40.6  18.2
1857 11  31.4  17.7
1857 12  37.2  20.1
1858  1  39.0  22.8
1858  2  34.9  16.1
1858  3  57.5  30.3
1858  4  38.3  17.1
1858  5  41.4  21.7
1858  6  44.5  21.1
1858  7  56.7  21.6
1858  8  55.3  25.3
1858  9  80.1  24.2
1858 10  91.2  19.8
1858 11  51.9  21.2
1858 12  66.9  24.8
1859  1  83.7  17.4
1859  2  87.6  30.8
1859  3  90.3  24.3
1859  4  85.7  24.5
1859  5  91.0  31.7
1859  6  87.1  25.3
1859  7  95.2  35.5
1859  8 106.8  28.6
1859  9 105.8  24.9
1859 10 114.6  19.8
1859 11  97.2  24.8
1859 12  81.0  21.7
1860  1  82.4  22.7
1860  2  88.3  34.2
1860  3  98.9  24.5
1860  4  71.4  19.4
1860  5 107.1  26.5
1860  6 108.6  52.1
1860  7 116.7  43.6
1860  8 100.3  25.0
1860  9  92.2  21.6
1860 10  90.1  21.9
1860 11  97.9  23.7
1860 12  95.6  38.2
1861  1  62.3  18.5
1861  2  77.7  35.1
1861  3 101.0  32.9
1861  4  98.5  50.7
1861  5  56.8  34.3
1861  6  88.1  38.4
1861  7  78.0  17.7
1861  8  82.5  31.8
1861  9  79.9  25.6
1861 10  67.2  32.6
1861 11  53.7  20.7
1861 12  80.5  26.4
1862  1  63.1  16.7
1862  2  64.5  20.1
1862  3  43.6  25.4
1862  4  53.7  17.9
1862  5  64.4  14.3
1862  6  84.0  18.2
1862  7  73.4  20.5
1862  8  62.5  25.4
1862  9  66.6  29.1
1862 10  41.9  19.5
1862 11  50.6  20.4
1862 12  40.9  23.9
1863  1  48.3  20.7
1863  2  56.7  20.6
1863  3  66.4  18.0
1863  4  40.6  20.2
1863  5  53.8  14.1
1863  6  40.8  24.0
1863  7  32.7  17.9
1863  8  48.1  22.1
1863  9  22.0  12.2
1863 10  39.9  15.0
1863 11  37.7  21.2
1863 12  41.2  21.2
1864  1  57.7  30.1
1864  2  47.1  17.5
1864  3  66.3  16.4
1864  4  35.8  16.3
1864  5  40.6  14.7
1864  6  57.8  38.6
1864  7  54.7  25.0
1864  8  54.8  41.5
1864  9  28.5  11.0
1864 10  33.9  16.8
1864 11  57.6  18.7
1864 12  28.6  21.7
1865  1  48.7  27.9
1865  2  39.3  23.3
1865  3  39.5  21.1
1865  4  29.4  19.2
1865  5  34.5  18.3
1865  6  33.6  18.8
1865  7  26.8  15.6
1865  8  37.8  19.2
1865  9  21.6  14.6
1865 10  17.1  15.8
1865 11  24.6  15.1
1865 12  12.8  13.7
1866  1  31.6  11.3
1866  2  38.4  26.4
1866  3  24.5  12.6
1866  4  17.6   8.7
1866  5  12.9   8.3
1866  6  16.5   8.7
1866  7   9.3   7.9
1866  8  12.7   7.7
1866  9   7.3   7.9
1866 10  14.1   9.6
1866 11   9.0  10.8
1866 12   1.5   4.0
1867  1   0.0   0.0
1867  2   0.7   2.6
1867  3   9.2   8.1
1867  4   5.1   7.9
1867  5   2.9   5.6
1867  6   1.5   3.9
1867  7   5.0   6.2
1867  8   4.8   6.9
1867  9   9.8  11.8
1867 10  13.5  15.0
1867 11   9.6   8.1
1867 12  25.2  22.7
1868  1  15.5  16.8
1868  2  15.7  10.8
1868  3  26.5  13.9
1868  4  36.6  15.1
1868  5  26.7  14.7
1868  6  31.1  18.0
1868  7  29.0  24.0
1868  8  34.4  15.9
1868  9  47.2  18.5
1868 10  61.6  33.3
1868 11  59.1  23.7
1868 12  67.6  32.1
1869  1  60.9  27.8
1869  2  59.9  28.2
1869  3  52.7  26.4
1869  4  41.0  27.2
1869  5 103.9  44.6
1869  6 108.4  35.4
1869  7  59.2  32.0
1869  8  79.6  41.0
1869  9  80.6  33.7
1869 10  59.3  25.0
1869 11  78.1  23.8
1869 12 104.4  33.4
1870  1  77.3  14.5
1870  2 114.9  40.7
1870  3 157.5  25.9
1870  4 160.0  48.0
1870  5 176.0  37.3
1870  6 135.6  44.5
1870  7 132.4  32.3
1870  8 153.8  78.9
1870  9 136.0  63.7
1870 10 146.4  30.2
1870 11 147.5  54.6
1870 12 130.0  59.3
1871  1  88.3  18.4
1871  2 125.3  37.7
1871  3 143.2  30.5
1871  4 162.4  29.0
1871  5 145.5  21.9
1871  6  91.7  31.6
1871  7 103.0  31.4
1871  8 110.1  37.0
1871  9  80.3  31.2
1871 10  89.0  28.7
1871 11 105.4  29.5
1871 12  90.4  30.6
1872  1  79.5  20.6
1872  2 120.1  36.1
1872  3  88.4  43.4
1872  4 102.1  20.7
1872  5 107.6  36.4
1872  6 109.9  28.7
1872  7 105.5  34.2
1872  8  92.9  35.7
1872  9 114.6  27.8
1872 10 102.6  29.0
1872 11 112.0  30.6
1872 12  83.9  29.8
1873  1  86.7  29.6
1873  2 107.0  26.8
1873  3  98.3  37.0
1873  4  76.2  21.0
1873  5  47.9  32.1
1873  6  44.8  31.6
1873  7  66.9  35.5
1873  8  68.2  28.3
1873  9  47.1  16.0
1873 10  47.1  23.1
1873 11  55.4  33.8
1873 12  49.2  21.3
1874  1  60.8  21.3
1874  2  64.2  26.5
1874  3  46.4  17.9
1874  4  32.0  20.6
1874  5  44.6  20.7
1874  6  38.2  19.5
1874  7  67.8  25.2
1874  8  61.3  20.5
1874  9  28.0  16.0
1874 10  34.3  20.6
1874 11  28.9  11.8
1874 12  29.3  19.1
1875  1  14.6  14.8
1875  2  21.5  17.3
1875  3  33.8  10.4
1875  4  29.1  14.0
1875  5  11.5  13.9
1875  6  23.9  12.2
1875  7  12.5  10.1
1875  8  14.6  15.6
1875  9   2.4   6.2
1875 10  12.7  10.8
1875 11  17.7  26.2
1875 12   9.9  12.6
1876  1  14.3  19.6
1876  2  15.0  15.1
1876  3  30.6  27.0
1876  4   2.3   6.1
1876  5   5.1   7.5
1876  6   1.6   4.5
1876  7  15.2  14.2
1876  8   8.8  10.9
1876  9   9.9   9.9
1876 10  14.3   8.5
1876 11   9.9  11.5
1876 12   8.2  11.3
1877  1  24.4  18.9
1877  2   8.7   6.7
1877  3  11.9  13.5
1877  4  15.8  14.3
1877  5  21.6   9.4
1877  6  14.2   8.2
1877  7   6.0   8.0
1877  8   6.3   7.7
1877  9  16.9   9.9
1877 10   6.7  14.1
1877 11  14.2  13.3
1877 12   2.2   4.4
1878  1   3.3   6.1
1878  2   6.6  12.6
1878  3   7.8   9.5
1878  4   0.1   0.5
1878  5   5.9  11.7
1878  6   6.4  10.4
1878  7   0.1   0.7
1878  8   0.0   0.0
1878  9   5.3   6.8
1878 10   1.1   3.6
1878 11   4.1   5.9
1878 12   0.5   2.9
1879  1   1.0   2.8
1879  2   0.6   2.1
1879  3   0.0   0.0
1879  4   6.2   8.2
1879  5   2.4   4.9
1879  6   4.8   8.5
1879  7   7.5   9.0
1879  8  10.7  12.4
1879  9   6.1   6.1
1879 10  12.3  12.1
1879 11  13.1  12.5
1879 12   7.3   7.3
1880  1  24.0  17.4
1880  2  27.2  21.4
1880  3  19.3  12.1
1880  4  19.5  10.8
1880  5  23.5  15.2
1880  6  34.1  16.2
1880  7  21.9  14.4
1880  8  48.1  26.8
1880  9  66.0  25.6
1880 10  43.0  15.3
1880 11  30.7  18.4
1880 12  29.6  13.0
1881  1  36.4  19.5
1881  2  53.2  14.3
1881  3  51.5  41.6
1881  4  51.6  19.7
1881  5  43.5  18.6
1881  6  60.5  19.2
1881  7  76.9  24.1
1881  8  58.4  42.5
1881  9  53.2  19.5
1881 10  64.4  20.0
1881 11  54.8  29.5
1881 12  47.3  23.5
1882  1  45.0  12.5
1882  2  69.5  23.4
1882  3  66.8  21.6
1882  4  95.8  39.0
1882  5  64.1  40.4
1882  6  45.2  19.9
1882  7  45.4  22.8
1882  8  40.4  17.9
1882  9  57.7  21.6
1882 10  59.2  27.8
1882 11  84.4  23.4
1882 12  41.8  21.1
1883  1  60.6  22.1
1883  2  46.9  23.6
1883  3  42.8  22.8
1883  4  82.1  20.2
1883  5  31.5  19.1
1883  6  76.3  25.6
1883  7  80.6  38.8
1883  8  46.0  21.1
1883  9  52.6  30.8
1883 10  83.8  40.9
1883 11  84.5  29.3
1883 12  75.9  33.5
1884  1  91.5  24.7
1884  2  86.9  17.1
1884  3  87.5  29.1
1884  4  76.1  14.0
1884  5  66.5  20.7
1884  6  51.2  12.8
1884  7  53.1  21.6
1884  8  55.8  19.0
1884  9  61.9  21.8
1884 10  47.8  19.8
1884 11  36.6  16.0
1884 12  47.2  10.5
1885  1  42.8  26.0
1885  2  71.8  21.1
1885  3  49.8  26.9
1885  4  55.0  18.6
1885  5  73.0  23.8
1885  6  83.7  15.9
1885  7  66.5  13.6
1885  8  50.0  19.1
1885  9  39.6  17.6
1885 10  38.7  20.0
1885 11  30.9  18.4
1885 12  21.7  16.3
1886  1  29.9  23.5
1886  2  25.9  12.3
1886  3  57.3  28.3
1886  4  43.7  28.3
1886  5  30.7  23.2
1886  6  27.1  15.0
1886  7  30.3  18.6
1886  8  16.9  14.5
1886  9  21.4  14.7
1886 10   8.6   8.2
1886 11   0.3   1.0
1886 12  13.0  13.1
1887  1  10.3   9.0
1887  2  13.2  11.1
1887  3   4.2   5.8
1887  4   6.9   7.7
1887  5  20.0  13.4
1887  6  15.7   6.7
1887  7  23.4  15.7
1887  8  21.4  20.5
1887  9   7.4   9.1
1887 10   6.6   7.8
1887 11   6.9   8.7
1887 12  20.7  12.6
1888  1  12.7   9.6
1888  2   7.1   8.3
1888  3   7.8   9.8
1888  4   5.1   7.2
1888  5   7.0   9.1
1888  6   7.1   7.5
1888  7   3.1   5.0
1888  8   2.8   5.7
1888  9   8.8   7.2
1888 10   2.1   4.1
1888 11  10.7   8.8
1888 12   6.7   7.2
1889  1   0.8   3.0
1889  2   8.5   9.8
1889  3   6.7   8.0
1889  4   4.3   5.8
1889  5   2.4   4.9
1889  6   6.4   8.5
1889  7   9.4   9.1
1889  8  20.6  15.3
1889  9   6.5   6.7
1889 10   2.1   3.4
1889 11   0.2   0.6
1889 12   6.7   8.7
1890  1   5.3   7.0
1890  2   0.6   2.4
1890  3   5.1   6.8
1890  4   1.6   3.1
1890  5   4.8   6.9
1890  6   1.3   3.1
1890  7  11.6  10.3
1890  8   8.5  11.5
1890  9  17.2  11.0
1890 10  11.2  12.1
1890 11   9.6   9.4
1890 12   7.8   8.3
1891  1  13.5  14.4
1891  2  22.2  13.9
1891  3  10.4   7.0
1891  4  20.5  10.9
1891  5  41.1  18.0
1891  6  48.3  21.8
1891  7  58.8  28.5
1891  8  33.0  19.5
1891  9  53.8  26.4
1891 10  51.5  20.7
1891 11  41.9  15.9
1891 12  32.5  17.4
1892  1  69.1  29.3
1892  2  75.6  34.6
1892  3  49.9  24.1
1892  4  69.6  39.2
1892  5  79.6  26.4
1892  6  76.3  28.0
1892  7  76.5  28.5
1892  8 101.4  29.2
1892  9  62.8  19.8
1892 10  70.5  30.1
1892 11  65.4  21.0
1892 12  78.6  38.3
1893  1  75.0  36.4
1893  2  73.0  18.9
1893  3  65.7  24.3
1893  4  88.1  29.2
1893  5  84.7  31.1
1893  6  89.9  30.0
1893  7  88.6  48.3
1893  8 129.2  50.3
1893  9  77.9  16.9
1893 10  80.0  21.3
1893 11  75.1  33.5
1893 12  93.8  49.5
1894  1  83.2  29.8
1894  2  84.6  21.5
1894  3  52.3  23.9
1894  4  81.6  27.0
1894  5 101.2  28.9
1894  6  98.9  30.1
1894  7 106.0  33.0
1894  8  70.3  26.8
1894  9  65.9  29.9
1894 10  75.5  37.2
1894 11  56.6  16.0
1894 12  60.0  21.6
1895  1  63.3  29.2
1895  2  67.2  23.9
1895  3  61.0  13.5
1895  4  76.9  20.0
1895  5  67.5  37.5
1895  6  71.5  14.1
1895  7  47.8  24.2
1895  8  68.9  31.3
1895  9  57.7  22.4
1895 10  67.9  38.3
1895 11  47.2  26.7
1895 12  70.7  23.3
1896  1  29.0  16.0
1896  2  57.4  28.7
1896  3  52.0  25.8
1896  4  43.8  31.8
1896  5  27.7  15.3
1896  6  49.0  20.8
1896  7  45.0  20.2
1896  8  27.2  14.3
1896  9  61.3  35.7
1896 10  28.7  17.3
1896 11  38.0  22.2
1896 12  42.6  12.5
1897  1  40.6  13.7
1897  2  29.4  21.8
1897  3  29.1  15.1
1897  4  31.0  25.1
1897  5  20.0  14.8
1897  6  11.3   7.4
1897  7  27.6   7.3
1897  8  21.8  10.2
1897  9  48.1  20.5
1897 10  14.3  11.8
1897 11   8.4   7.2
1897 12  33.3  20.3
1898  1  30.2  16.2
1898  2  36.4  23.8
1898  3  38.3  33.6
1898  4  14.5  13.0
1898  5  25.8  10.2
1898  6  22.3  11.7
1898  7   9.0  10.4
1898  8  31.4  20.0
1898  9  34.8  18.7
1898 10  34.4  17.6
1898 11  30.9  22.8
1898 12  12.6   9.3
1899  1  19.5  13.1
1899  2   9.2   9.5
1899  3  18.1  13.8
1899  4  14.2   6.0
1899  5   7.7   5.8
1899  6  20.5  12.0
1899  7  13.5  10.6
1899  8   2.9   6.0
1899  9   8.4  11.1
1899 10  13.0  19.8
1899 11   7.8   7.6
1899 12  10.5   9.6
1900  1   9.4   9.0
1900  2  13.6  17.9
1900  3   8.6  10.3
1900  4  16.0  16.7
1900  5  15.2  15.6
1900  6  12.1  11.6
1900  7   8.3   9.3
1900  8   4.3   7.9
1900  9   8.3   9.1
1900 10  12.9  11.2
1900 11   4.5   5.7
1900 12   0.3   1.3
1901  1   0.2   1.3
1901  2   2.4   4.1
1901  3   4.5   8.0
1901  4   0.0   0.0
1901  5  10.2  13.7
1901  6   5.8   6.7
1901  7   0.7   2.1
1901  8   1.0   2.7
1901  9   0.6   2.2
1901 10   3.7   5.9
1901 11   3.8   4.3
1901 12   0.0   0.0
1902  1   5.5   8.1
1902  2   0.0   0.0
1902  3  12.4  17.6
1902  4   0.0   0.0
1902  5   2.8   3.9
1902  6   1.4   3.5
1902  7   0.9   2.9
1902  8   2.3   3.7
1902  9   7.6  10.4
1902 10  16.3  11.6
1902 11  10.3  13.3
1902 12   1.1   3.3
1903  1   8.3   6.8
1903  2  17.0   7.4
1903  3  13.5  15.1
1903  4  26.1  18.4
1903  5  14.6  16.2
1903  6  16.3  16.8
1903  7  27.9  15.0
1903  8  28.8  23.8
1903  9  11.1  10.7
1903 10  38.9  28.5
1903 11  44.5  34.2
1903 12  45.6  25.0
1904  1  31.6  18.6
1904  2  24.5  10.5
1904  3  37.2  18.1
1904  4  43.0  16.9
1904  5  39.5  14.9
1904  6  41.9  16.0
1904  7  50.6  20.1
1904  8  58.2  30.1
1904  9  30.1  16.4
1904 10  54.2  18.1
1904 11  38.0  16.4
1904 12  54.6  34.4
1905  1  54.8  26.7
1905  2  85.8  31.9
1905  3  56.5  31.1
1905  4  39.3  12.6
1905  5  48.0  26.3
1905  6  49.0  13.0
1905  7  73.0  48.1
1905  8  58.8  23.4
1905  9  55.0  23.1
1905 10  78.7  26.2
1905 11 107.2  34.2
1905 12  55.5  14.9
1906  1  45.5  26.1
1906  2  31.3  15.8
1906  3  64.5  37.4
1906  4  55.3  25.5
1906  5  57.7  23.2
1906  6  63.2  39.2
1906  7 103.6  21.2
1906  8  47.7  25.5
1906  9  56.1  15.3
1906 10  17.8  12.7
1906 11  38.9  23.7
1906 12  64.7  23.4
1907  1  76.4  21.7
1907  2 108.2  25.6
1907  3  60.7  33.4
1907  4  52.6  23.7
1907  5  42.9  23.0
1907  6  40.4  26.8
1907  7  49.7  19.5
1907  8  54.3  12.7
1907  9  85.0  16.9
1907 10  65.4  28.0
1907 11  61.5  29.4
1907 12  47.3  22.7
1908  1  39.2  17.7
1908  2  33.9  12.7
1908  3  28.7  15.6
1908  4  57.6  32.6
1908  5  40.8  23.2
1908  6  48.1  28.8
1908  7  39.5  23.9
1908  8  90.5  29.6
1908  9  86.9  24.2
1908 10  32.3  23.9
1908 11  45.5  24.7
1908 12  39.5  16.3
1909  1  56.7  31.3
1909  2  46.6  27.5
1909  3  66.3  41.0
1909  4  32.3  18.8
1909  5  36.0  15.7
1909  6  22.6  11.5
1909  7  35.8  30.9
1909  8  23.1   9.2
1909  9  38.8  17.1
1909 10  58.4  29.9
1909 11  55.8  24.1
1909 12  54.2  32.2
1910  1  26.4  15.0
1910  2  31.5  25.6
1910  3  21.4   8.2
1910  4   8.4   7.8
1910  5  22.2  13.1
1910  6  12.3   9.9
1910  7  14.1  10.5
1910  8  11.5  10.2
1910  9  26.2  21.1
1910 10  38.3  24.7
1910 11   4.9   7.2
1910 12   5.8   6.5
1911  1   3.4   4.4
1911  2   9.0   9.4
1911  3   7.8   8.5
1911  4  16.5  12.9
1911  5   9.0   8.3
1911  6   2.2   4.0
1911  7   3.5   4.9
1911  8   4.0   4.9
1911  9   4.0   6.3
1911 10   2.6   4.5
1911 11   4.2   4.5
1911 12   2.2   4.1
1912  1   0.3   1.4
1912  2   0.0   0.0
1912  3   4.9   6.0
1912  4   4.5   7.7
1912  5   4.4   4.9
1912  6   4.1   4.8
1912  7   3.0   4.9
1912  8   0.3   1.6
1912  9   9.5   7.2
1912 10   4.6   7.6
1912 11   1.1   3.5
1912 12   6.4   8.4
1913  1   2.3   3.6
1913  2   2.9   4.4
1913  3   0.5   1.7
1913  4   0.9   2.9
1913  5   0.0   0.0
1913  6   0.0   0.0
1913  7   1.7   3.7
1913  8   0.2   1.3
1913  9   1.2   3.6
1913 10   3.1   4.6
1913 11   0.7   2.2
1913 12   3.8   6.8
1914  1   2.8   6.1
1914  2   2.6   5.0
1914  3   3.1   5.1
1914  4  17.3  10.4
1914  5   5.2   8.2
1914  6  11.4  14.6
1914  7   5.4   5.6
1914  8   7.7   9.1
1914  9  12.7  13.2
1914 10   8.2   8.7
1914 11  16.4   8.1
1914 12  22.3  14.1
1915  1  23.0  10.4
1915  2  42.3  27.3
1915  3  38.8  21.1
1915  4  41.3  25.8
1915  5  33.0  33.4
1915  6  68.8  57.0
1915  7  71.6  32.9
1915  8  69.6  26.7
1915  9  49.5  20.0
1915 10  53.5  25.7
1915 11  42.5  14.5
1915 12  34.5  13.9
1916  1  45.3  21.3
1916  2  55.4  25.8
1916  3  67.0  23.4
1916  4  71.8  34.0
1916  5  74.5  30.9
1916  6  67.7  50.2
1916  7  53.5  39.9
1916  8  35.2  21.5
1916  9  45.1  26.8
1916 10  50.7  37.4
1916 11  65.6  29.2
1916 12  53.0  24.3
1917  1  74.7  21.0
1917  2  71.9  35.3
1917  3  94.8  19.8
1917  4  74.7  46.7
1917  5 114.1  31.0
1917  6 114.9  27.1
1917  7 119.8  33.5
1917  8 154.5  61.0
1917  9 129.4  45.2
1917 10  72.2  27.2
1917 11  96.4  22.3
1917 12 129.3  46.3
1918  1  96.0  21.6
1918  2  65.3  27.5
1918  3  72.2  27.1
1918  4  80.5  21.4
1918  5  76.7  33.7
1918  6  59.4  49.0
1918  7 107.6  28.1
1918  8 101.7  25.8
1918  9  79.9  25.1
1918 10  85.0  25.7
1918 11  83.4  58.0
1918 12  59.2  29.6
1919  1  48.1  27.9
1919  2  79.5  40.2
1919  3  66.5  25.2
1919  4  51.8  24.0
1919  5  88.1  34.1
1919  6 111.2  25.5
1919  7  64.7  22.7
1919  8  69.0  29.0
1919  9  54.7  14.2
1919 10  52.8  30.6
1919 11  42.0  26.7
1919 12  34.9  16.9
1920  1  51.1  31.3
1920  2  53.9  27.4
1920  3  70.2  46.7
1920  4  14.8   7.8
1920  5  33.3  16.8
1920  6  38.7  12.2
1920  7  27.5  10.5
1920  8  19.2  12.2
1920  9  36.3  23.5
1920 10  49.6  14.1
1920 11  27.2  15.9
1920 12  29.9  17.5
1921  1  31.5  18.2
1921  2  28.3   9.2
1921  3  26.7  16.2
1921  4  32.4  13.2
1921  5  22.2  20.6
1921  6  33.7  23.6
1921  7  41.9  29.5
1921  8  22.8  18.4
1921  9  17.8  10.8
1921 10  18.2  19.0
1921 11  17.8  17.6
1921 12  20.3  20.6
1922  1  11.8   9.8
1922  2  26.4  23.2
1922  3  54.7  42.3
1922  4  11.0  11.7
1922  5   8.0  10.1
1922  6   5.8   6.7
1922  7  10.9  11.2
1922  8   6.5   8.3
1922  9   4.7   4.2
1922 10   6.2   6.5
1922 11   7.4   5.4
1922 12  17.5  16.4
1923  1   4.5   8.2
1923  2   1.5   3.3
1923  3   3.3   5.2
1923  4   6.1   5.8
1923  5   3.2   4.2
1923  6   9.1  11.6
1923  7   3.5   5.5
1923  8   0.5   1.9
1923  9  13.2   7.8
1923 10  11.6   8.1
1923 11  10.0   9.2
1923 12   2.8   5.3
1924  1   0.5   1.9
1924  2   5.1   9.8
1924  3   1.8   4.0
1924  4  11.3  16.1
1924  5  20.8  14.6
1924  6  24.0  14.0
1924  7  28.1  15.5
1924  8  19.3  11.7
1924  9  25.1  12.2
1924 10  25.6  10.1
1924 11  22.5  20.9
1924 12  16.5  13.9
1925  1   5.5   7.1
1925  2  23.2  17.5
1925  3  18.0  12.4
1925  4  31.7  17.7
1925  5  42.8  18.1
1925  6  47.5  41.1
1925  7  38.5  13.1
1925  8  37.9  24.9
1925  9  60.2  18.8
1925 10  69.2  31.3
1925 11  58.6  34.0
1925 12  98.6  26.0
1926  1  71.8  23.7
1926  2  69.9  40.7
1926  3  62.5  29.3
1926  4  38.5  19.1
1926  5  64.3  21.8
1926  6  73.5  21.0
1926  7  52.3  39.7
1926  8  61.6  15.2
1926  9  60.8  29.2
1926 10  71.5  37.1
1926 11  60.5  29.1
1926 12  79.4  21.7
1927  1  81.6  26.5
1927  2  93.0  39.4
1927  3  69.6  36.6
1927  4  93.5  34.0
1927  5  79.1  24.6
1927  6  59.1  25.7
1927  7  54.9  26.9
1927  8  53.8  18.4
1927  9  68.4  29.9
1927 10  63.1  24.5
1927 11  67.2  24.4
1927 12  45.2  25.6
1928  1  83.5  21.9
1928  2  73.5  37.3
1928  3  85.5  24.1
1928  4  80.6  37.2
1928  5  77.0  52.2
1928  6  91.4  42.8
1928  7  98.0  29.8
1928  8  83.8  19.6
1928  9  89.7  32.0
1928 10  61.4  19.5
1928 11  50.3  23.6
1928 12  59.0  32.1
1929  1  68.9  23.0
1929  2  62.8  22.8
1929  3  50.2  27.2
1929  4  52.8  11.9
1929  5  58.2  19.6
1929  6  71.9  20.5
1929  7  70.2  15.5
1929  8  65.8  30.2
1929  9  34.4  15.1
1929 10  54.0  22.2
1929 11  81.1  25.7
1929 12 108.0  31.8
1930  1  65.3  24.4
1930  2  49.9  37.3
1930  3  35.0  13.3
1930  4  38.2  15.3
1930  5  36.8  12.2
1930  6  28.8  17.3
1930  7  21.9   8.4
1930  8  24.9  13.3
1930  9  32.1  20.4
1930 10  34.4  15.4
1930 11  35.6  24.3
1930 12  25.8  15.1
1931  1  14.6  10.6
1931  2  43.1  26.8
1931  3  30.0  12.7
1931  4  31.2   9.2
1931  5  24.6   9.3
1931  6  15.3  15.6
1931  7  17.4  12.2
1931  8  13.0  12.6
1931  9  19.0   7.3
1931 10  10.0   6.2
1931 11  18.7  14.9
1931 12  17.8  11.0
1932  1  12.1  10.9
1932  2  10.6  11.5
1932  3  11.2  11.5
1932  4  11.2  12.1
1932  5  17.9  13.5
1932  6  22.2  10.6
1932  7   9.6   9.6
1932  8   6.8   7.5
1932  9   4.0   5.0
1932 10   8.9   7.0
1932 11   8.2   8.9
1932 12  11.0   6.8
1933  1  12.3  12.4
1933  2  22.2  25.5
1933  3  10.1   8.7
1933  4   2.9   5.4
1933  5   3.2   5.1
1933  6   5.2   5.8
1933  7   2.8   5.8
1933  8   0.2   1.3
1933  9   5.1   5.7
1933 10   3.0   6.0
1933 11   0.6   2.3
1933 12   0.3   1.4
1934  1   3.4   5.3
1934  2   7.8   5.7
1934  3   4.3   6.1
1934  4  11.3  10.4
1934  5  19.7  12.6
1934  6   6.7   9.6
1934  7   9.3   9.2
1934  8   8.3   8.9
1934  9   4.0   5.7
1934 10   5.7   4.8
1934 11   8.7   9.2
1934 12  15.4  14.3
1935  1  18.6   8.2
1935  2  20.5   8.9
1935  3  23.1  19.8
1935  4  12.2  10.8
1935  5  27.3  21.4
1935  6  45.7  12.6
1935  7  33.9  16.6
1935  8  30.1  10.8
1935  9  42.1  17.4
1935 10  53.2  23.2
1935 11  64.2  23.6
1935 12  61.5  14.9
1936  1  62.8  22.1
1936  2  74.3  19.7
1936  3  77.1  18.1
1936  4  74.9  19.6
1936  5  54.6  15.3
1936  6  70.0  24.2
1936  7  52.3  16.4
1936  8  87.0  18.4
1936  9  76.0  21.9
1936 10  89.0  26.7
1936 11 115.4  48.2
1936 12 123.4  46.0
1937  1 132.5  47.4
1937  2 128.5  44.5
1937  3  83.9  40.7
1937  4 109.3  40.7
1937  5 116.7  50.5
1937  6 130.3  44.6
1937  7 145.1  42.3
1937  8 137.7  36.6
1937  9 100.7  18.3
1937 10 124.9  43.9
1937 11  74.4  20.2
1937 12  88.8  36.3
1938  1  98.4  21.7
1938  2 119.2  41.0
1938  3  86.5  36.4
1938  4 101.0  18.5
1938  5 127.4  24.5
1938  6  97.5  19.7
1938  7 165.3  30.2
1938  8 115.7  26.9
1938  9  89.6  34.5
1938 10  99.1  38.0
1938 11 122.2  32.6
1938 12  92.7  27.1
1939  1  80.3  21.3
1939  2  77.4  17.3
1939  3  64.6  25.1
1939  4 109.1  29.5
1939  5 118.3  27.3
1939  6 101.0  22.4
1939  7  97.6  31.1
1939  8 105.8  32.7
1939  9 112.6  27.0
1939 10  88.1  20.1
1939 11  68.1  19.0
1939 12  42.1  12.0
1940  1  50.5  13.2
1940  2  59.4  13.8
1940  3  83.3  23.8
1940  4  60.7  14.7
1940  5  54.4  23.3
1940  6  83.9  27.6
1940  7  67.5  24.7
1940  8 105.5  24.5
1940  9  66.5  30.5
1940 10  55.0  14.1
1940 11  58.4  21.2
1940 12  68.3  41.9
1941  1  45.6  20.5
1941  2  44.5  19.8
1941  3  46.4  12.8
1941  4  32.8  12.1
1941  5  29.5  11.3
1941  6  59.8  25.2
1941  7  66.9  35.4
1941  8  60.0  27.8
1941  9  65.9  31.4
1941 10  46.3  10.3
1941 11  38.4  25.8
1941 12  33.7  19.5
1942  1  35.6  21.1
1942  2  52.8  19.2
1942  3  54.2  38.4
1942  4  60.7  25.5
1942  5  25.0  15.0
1942  6  11.4   8.3
1942  7  17.7  13.5
1942  8  20.2  12.8
1942  9  17.2   7.7
1942 10  19.2  12.8
1942 11  30.7  17.5
1942 12  22.5  13.8
1943  1  12.5   7.8
1943  2  28.9  19.9
1943  3  27.4  12.6
1943  4  26.1   9.9
1943  5  14.1   9.3
1943  6   7.6   6.2
1943  7  13.2  10.5
1943  8  19.4  13.0
1943  9  10.0  10.6
1943 10   7.8   6.0
1943 11  10.2   8.5
1943 12  18.8  12.7
1944  1   3.7   5.6
1944  2   0.5   1.8
1944  3  11.0  12.1
1944  4   0.3   1.5
1944  5   2.5   6.1
1944  6   5.0   4.0
1944  7   5.0   4.7
1944  8  16.7   9.8
1944  9  14.3   8.5
1944 10  16.9  11.0
1944 11  10.8   6.9
1944 12  28.4  17.4
1945  1  18.5   9.3
1945  2  12.7   7.0
1945  3  21.5  15.3
1945  4  32.0  20.3
1945  5  30.6  14.5
1945  6  36.2  19.6
1945  7  42.6  32.6
1945  8  25.9  19.8
1945  9  34.9  20.6
1945 10  68.8  17.7
1945 11  46.0  11.1
1945 12  27.4  10.2
1946  1  47.6  26.2
1946  2  86.2  22.0
1946  3  76.6  19.1
1946  4  75.7  21.4
1946  5  84.9  39.4
1946  6  73.5  27.1
1946  7 116.2  30.5
1946  8 107.2  19.4
1946  9  94.4  30.9
1946 10 102.3  29.7
1946 11 123.8  30.8
1946 12 121.7  26.1
1947  1 115.7  49.0
1947  2 133.4  39.4
1947  3 129.8  50.8
1947  4 149.8  53.5
1947  5 201.3  60.9
1947  6 163.9  50.9
1947  7 157.9  31.9
1947  8 188.8  74.3
1947  9 169.4  50.8
1947 10 163.6  56.3
1947 11 128.0  48.7
1947 12 116.5  20.1
1948  1 108.5  17.2
1948  2  86.1  17.9
1948  3  94.8  32.8
1948  4 189.7  27.1
1948  5 174.0  69.3
1948  6 167.8  26.6
1948  7 142.2  28.3
1948  8 157.9  35.3
1948  9 143.3  55.9
1948 10 136.3  44.9
1948 11  95.8  21.8
1948 12 138.0  46.2
1949  1 119.1  29.6
1949  2 182.3  34.7
1949  3 157.5  31.6
1949  4 147.0  22.7
1949  5 106.2  22.1
1949  6 121.7  41.3
1949  7 125.8  44.6
1949  8 123.8  47.9
1949  9 145.3  37.3
1949 10 131.6  47.8
1949 11 143.5  18.9
1949 12 117.6  20.6
1950  1 101.6  28.1
1950  2  94.8  55.3
1950  3 109.7  34.6
1950  4 113.4  26.1
1950  5 106.2  31.2
1950  6  83.6  19.1
1950  7  91.0  20.6
1950  8  85.2  18.0
1950  9  51.3  19.8
1950 10  61.4  25.9
1950 11  54.8  21.6
1950 12  54.1  34.3
1951  1  59.9  34.2
1951  2  59.9  14.3
1951  3  55.9  23.0
1951  4  92.9  39.0
1951  5 108.5  65.1
1951  6 100.6  49.1
1951  7  61.5  27.4
1951  8  61.0  33.2
1951  9  83.1  27.7
1951 10  51.6  22.2
1951 11  52.4  10.4
1951 12  45.8  22.7
1952  1  40.7  17.9
1952  2  22.7  16.8
1952  3  22.0  22.2
1952  4  29.1  13.7
1952  5  23.4  13.0
1952  6  36.4  22.3
1952  7  39.3  25.4
1952  8  54.9  19.1
1952  9  28.2  20.3
1952 10  23.8  11.1
1952 11  22.1  12.7
1952 12  34.3  20.8
1953  1  26.5  21.7
1953  2   3.9   5.3
1953  3  10.0  12.8
1953  4  27.8  23.0
1953  5  12.5  11.9
1953  6  21.8  10.5
1953  7   8.6  10.0
1953  8  23.5  25.5
1953  9  19.3  12.0
1953 10   8.2   7.1
1953 11   1.6   3.8
1953 12   2.5   4.1
1954  1   0.2   1.3
1954  2   0.5   1.8
1954  3  10.9  13.7
1954  4   1.8   3.8
1954  5   0.8   2.4
1954  6   0.2   1.3
1954  7   4.8   4.8
1954  8   8.4   6.9
1954  9   1.5   3.0
1954 10   7.0   7.0
1954 11   9.2  13.8
1954 12   7.6   8.8
1955  1  23.1  11.7
1955  2  20.8  10.9
1955  3   4.9   6.8
1955  4  11.3  11.7
1955  5  28.9  17.6
1955  6  31.7  21.3
1955  7  26.7  16.1
1955  8  40.7  26.1
1955  9  42.7  26.1
1955 10  58.5  37.2
1955 11  89.2  30.7
1955 12  76.9  13.8
1956  1  73.6  31.0
1956  2 124.0  78.5
1956  3 118.4  16.2
1956  4 110.7  43.4
1956  5 136.6  26.3
1956  6 116.6  26.3
1956  7 129.1  38.4
1956  8 169.6  33.1
1956  9 173.2  42.9
1956 10 155.3  24.0
1956 11 201.3  51.4
1956 12 192.1  24.1
1957  1 165.0  41.8
1957  2 130.3  13.6
1957  3 157.4  26.4
1957  4 175.2  41.4
1957  5 164.6  33.5
1957  6 200.7  41.7
1957  7 187.2  48.1
1957  8 158.0  43.6
1957  9 235.8  44.2
1957 10 253.8  31.3
1957 11 210.9  27.6
1957 12 239.4  63.0
1958  1 202.5  49.2
1958  2 164.9  16.7
1958  3 190.7  58.2
1958  4 196.0  50.5
1958  5 175.3  48.1
1958  6 171.5  35.5
1958  7 191.4  37.6
1958  8 200.2  35.6
1958  9 201.2  31.6
1958 10 181.5  42.2
1958 11 152.3  63.1
1958 12 187.6  54.0
1959  1 217.4  43.0
1959  2 143.1  31.8
1959  3 185.7  35.6
1959  4 163.3  36.3
1959  5 172.0  53.1
1959  6 168.7  13.8
1959  7 149.6  29.7
1959  8 199.6  43.6
1959  9 145.2  44.6
1959 10 111.4  20.9
1959 11 124.0  32.0
1959 12 125.0  25.9
1960  1 146.3  32.9
1960  2 106.0  39.6
1960  3 102.2  28.2
1960  4 122.0  23.6
1960  5 119.6  19.5
1960  6 110.2  32.0
1960  7 121.7  31.2
1960  8 134.1  76.3
1960  9 127.2  36.4
1960 10  82.8  31.4
1960 11  89.6  29.8
1960 12  85.6  22.7
1961  1  57.9  29.0
1961  2  46.1  14.7
1961  3  53.0  22.5
1961  4  61.4  17.8
1961  5  51.0  18.5
1961  6  77.4  32.0
1961  7  70.2  21.3
1961  8  55.8  30.5
1961  9  63.6  20.1
1961 10  37.7  18.6
1961 11  32.6  21.7
1961 12  39.9  29.7
1962  1  38.7  29.5
1962  2  50.3  35.0
1962  3  45.6  26.4
1962  4  46.4  24.0
1962  5  43.7  13.4
1962  6  42.0  11.8
1962  7  21.8  11.7
1962  8  21.8  16.7
1962  9  51.3  16.9
1962 10  39.5  15.5
1962 11  26.9  20.3
1962 12  23.2  14.8
1963  1  19.8  11.4
1963  2  24.4  13.5
1963  3  17.1   8.8
1963  4  29.3  21.8
1963  5  43.0  19.2
1963  6  35.9  23.4
1963  7  19.6  13.0
1963  8  33.2  18.8
1963  9  38.8  27.8
1963 10  35.3  17.0
1963 11  23.4  13.0
1963 12  14.9  10.4
1964  1  15.3   6.3
1964  2  17.7  16.1
1964  3  16.5  10.4
1964  4   8.6   6.2
1964  5   9.5   5.3
1964  6   9.1   8.4
1964  7   3.1   4.4
1964  8   9.3  10.2
1964  9   4.7   6.6
1964 10   6.1   6.6
1964 11   7.4   6.6
1964 12  15.1  10.5
1965  1  17.5   8.9
1965  2  14.3   7.8
1965  3  11.7   7.0
1965  4   6.8   7.3
1965  5  24.1  25.4
1965  6  15.9  11.2
1965  7  11.9  11.4
1965  8   8.9   7.6
1965  9  16.8  10.3
1965 10  20.1  19.1
1965 11  15.8  14.5
1965 12  17.0  16.0
1966  1  28.2  20.7
1966  2  24.4  13.6
1966  3  25.3  17.9
1966  4  48.7  15.2
1966  5  45.3  20.9
1966  6  47.7  16.6
1966  7  56.7  10.7
1966  8  51.2  26.6
1966  9  50.2  19.9
1966 10  57.2  17.8
1966 11  57.2  16.1
1966 12  70.4  30.3
1967  1 110.9  28.3
1967  2  93.6  30.5
1967  3 111.8  40.3
1967  4  69.5  17.9
1967  5  86.5  57.0
1967  6  67.3  32.0
1967  7  91.5  31.6
1967  8 107.2  19.9
1967  9  76.8  28.4
1967 10  88.2  29.0
1967 11  94.3  32.1
1967 12 126.4  25.0
1968  1 121.8  47.5
1968  2 111.9  42.7
1968  3  92.2  32.8
1968  4  81.2  20.9
1968  5 127.2  20.3
1968  6 110.3  13.1
1968  7  96.1  36.3
1968  8 109.3  33.7
1968  9 117.2  32.7
1968 10 107.7  22.3
1968 11  86.0  10.2
1968 12 109.8  21.3
1969  1 104.4  26.5
1969  2 120.5  49.3
1969  3 135.8  35.0
1969  4 106.8  30.6
1969  5 120.0  44.7
1969  6 106.0  58.3
1969  7  96.8  34.5
1969  8  98.0  49.5
1969  9  91.3  22.5
1969 10  95.7  31.6
1969 11  93.5  19.8
1969 12  97.9  34.5
1970  1 111.5  40.3
1970  2 127.8  28.7
1970  3 102.9  29.2
1970  4 109.5  35.6
1970  5 127.5  22.9
1970  6 106.8  33.7
1970  7 112.5  34.3
1970  8  93.0  19.6
1970  9  99.5  21.4
1970 10  86.6  25.3
1970 11  95.2  23.0
1970 12  83.5  17.3
1971  1  91.3  22.2
1971  2  79.0  17.0
1971  3  60.7  14.3
1971  4  71.8  26.7
1971  5  57.5  16.9
1971  6  49.8  27.7
1971  7  81.0  18.7
1971  8  61.4  22.4
1971  9  50.2  20.7
1971 10  51.7  19.4
1971 11  63.2  22.1
1971 12  82.2  19.1
1972  1  61.5  26.9
1972  2  88.4  41.3
1972  3  80.1  25.9
1972  4  63.2  17.1
1972  5  80.5  33.3
1972  6  88.0  19.3
1972  7  76.5  16.5
1972  8  76.8  29.3
1972  9  64.0  21.6
1972 10  61.3  30.8
1972 11  41.6  21.9
1972 12  45.3  17.2
1973  1  43.4  21.5
1973  2  42.9  20.1
1973  3  46.0  19.7
1973  4  57.7  21.1
1973  5  42.4  21.3
1973  6  39.5  18.0
1973  7  23.1  15.4
1973  8  25.6  20.7
1973  9  59.3  36.6
1973 10  30.7  22.8
1973 11  23.9  21.1
1973 12  23.3  20.3
1974  1  27.6  24.2
1974  2  26.0  15.4
1974  3  21.3   9.0
1974  4  40.3  24.1
1974  5  39.5  36.4
1974  6  36.0  19.8
1974  7  55.8  20.8
1974  8  33.6  18.7
1974  9  40.2  26.0
1974 10  47.1  35.4
1974 11  25.0  11.7
1974 12  20.5  14.1
1975  1  18.9  10.1
1975  2  11.5  10.7
1975  3  11.5   9.2
1975  4   5.1   7.5
1975  5   9.0  11.1
1975  6  11.4  11.2
1975  7  28.2   7.9
1975  8  39.7  31.3
1975  9  13.9   9.7
1975 10   9.1   7.4
1975 11  19.4  12.7
1975 12   7.8   8.3
1976  1   8.1  10.0
1976  2   4.3   6.1
1976  3  21.9  16.0
1976  4  18.8   8.4
1976  5  12.4   8.9
1976  6  12.2   9.4
1976  7   1.9   3.7
1976  8  16.4   7.0
1976  9  13.5   7.4
1976 10  20.6   9.6
1976 11   5.2   5.9
1976 12  15.3  10.7
1977  1  16.4  10.8
1977  2  23.1  18.4
1977  3   8.7   6.3
1977  4  12.9   9.2
1977  5  18.6  10.2
1977  6  38.5  18.6
1977  7  21.4  15.6
1977  8  30.1   8.2
1977  9  44.0  14.2
1977 10  43.8   9.2
1977 11  29.1  12.7
1977 12  43.2  16.3
1978  1  51.9  33.3
1978  2  93.6  26.7
1978  3  76.5  16.0
1978  4  99.7  18.3
1978  5  82.7  13.2
1978  6  95.1  41.9
1978  7  70.4  32.7
1978  8  58.1  17.4
1978  9 138.2  29.2
1978 10 125.1  27.3
1978 11  97.9  21.5
1978 12 122.7  35.0
1979  1 166.6  19.3
1979  2 137.5  25.0
1979  3 138.0  15.1
1979  4 101.5  24.7
1979  5 134.4  30.5
1979  6 149.5  43.2
1979  7 159.4  37.2
1979  8 142.2  42.8
1979  9 188.4  36.4
1979 10 186.2  24.8
1979 11 183.3  57.4
1979 12 176.3  57.3
1980  1 159.6  41.0
1980  2 155.0  34.1
1980  3 126.2  51.5
1980  4 164.1  42.3
1980  5 179.9  39.8
1980  6 157.3  25.0
1980  7 136.3  51.6
1980  8 135.4  49.4
1980  9 155.0  43.9
1980 10 164.7  43.4
1980 11 147.9  37.6
1980 12 174.4  32.1
1981  1 114.0  25.3
1981  2 141.3  20.1
1981  3 135.5  20.8
1981  4 156.4  45.2
1981  5 127.5  33.7
1981  6  90.9  31.8
1981  7 143.8  41.1
1981  8 158.7  43.4
1981  9 167.3  27.8
1981 10 162.4  42.7
1981 11 137.5  54.1
1981 12 150.1  72.6
1982  1 111.2  46.6
1982  2 163.6  51.2
1982  3 153.8  19.0
1982  4 122.0  22.6
1982  5  82.2  25.1
1982  6 110.4  35.0
1982  7 106.1  90.2
1982  8 107.6  29.9
1982  9 118.8  24.9
1982 10  94.7  33.9
1982 11  98.1  19.4
1982 12 127.0  37.2
1983  1  84.3  17.2
1983  2  51.0  29.6
1983  3  66.5  23.8
1983  4  80.7  30.5
1983  5  99.2  16.5
1983  6  91.1  22.2
1983  7  82.2  18.6
1983  8  71.8  25.4
1983  9  50.3  15.3
1983 10  55.8  37.4
1983 11  33.4  26.1
1983 12  33.4  21.3
1984  1  57.0  29.1
1984  2  85.4  23.5
1984  3  83.5  20.2
1984  4  69.7  32.4
1984  5  76.4  21.0
1984  6  46.1  14.4
1984  7  37.4  22.2
1984  8  25.5   9.4
1984  9  15.7  18.7
1984 10  12.0   6.9
1984 11  22.8  13.9
1984 12  18.7   6.2
1985  1  16.5  17.4
1985  2  15.9   6.1
1985  3  17.2  11.1
1985  4  16.2  12.1
1985  5  27.5  13.5
1985  6  24.2  17.7
1985  7  30.7  23.0
1985  8  11.1   8.8
1985  9   3.9   4.3
1985 10  18.6  23.0
1985 11  16.2  15.6
1985 12  17.3  18.9
1986  1   2.5   5.0
1986  2  23.2  19.2
1986  3  15.1  11.5
1986  4  18.5  14.5
1986  5  13.7  10.5
1986  6   1.1   2.8
1986  7  18.1  11.0
1986  8   7.4   4.6
1986  9   3.8   4.8
1986 10  35.4  22.0
1986 11  15.2  12.2
1986 12   6.8   8.3
1987  1  10.4   6.6
1987  2   2.4   3.6
1987  3  14.7   6.0
1987  4  39.6  25.4
1987  5  33.0  13.9
1987  6  17.4  14.1
1987  7  33.0  35.0
1987  8  38.7  11.6
1987  9  33.9  14.8
1987 10  60.6  23.0
1987 11  39.9  17.1
1987 12  27.1   9.8
1988  1  59.0  18.8
1988  2  40.0  18.2
1988  3  76.2  23.4
1988  4  88.0  37.7
1988  5  60.1  22.1
1988  6 101.8  30.0
1988  7 113.8  22.9
1988  8 111.6  45.6
1988  9 120.1  34.1
1988 10 125.1  14.0
1988 11 125.1  31.1
1988 12 179.2  40.8
1989  1 161.3  25.3
1989  2 165.1  28.9
1989  3 131.4  31.5
1989  4 130.6  25.0
1989  5 138.5  32.8
1989  6 196.2  40.0
1989  7 126.9  28.5
1989  8 168.9  53.6
1989  9 176.7  66.0
1989 10 159.4  29.3
1989 11 173.0  33.8
1989 12 165.5  47.9
1990  1 177.3  27.9
1990  2 130.5  62.5
1990  3 140.3  47.8
1990  4 140.3  42.2
1990  5 132.2  37.2
1990  6 105.4  39.6
1990  7 149.4  59.6
1990  8 200.3  57.0
1990  9 125.2  21.8
1990 10 145.5  38.1
1990 11 131.4  35.6
1990 12 129.7  32.6
1991  1 136.9  47.9
1991  2 167.5  32.8
1991  3 141.9  36.1
1991  4 140.0  52.5
1991  5 121.3  20.0
1991  6 169.7  34.1
1991  7 173.7  42.0
1991  8 176.3  70.0
1991  9 125.3  20.4
1991 10 144.1  42.8
1991 11 108.2  29.1
1991 12 144.4  31.4
1992  1 150.0  42.6
1992  2 161.1  36.3
1992  3 106.7  21.3
1992  4  99.8  39.7
1992  5  73.8  22.4
1992  6  65.2  14.7
1992  7  85.7  37.3
1992  8  64.5  25.3
1992  9  63.9  14.7
1992 10  88.7  28.1
1992 11  91.8  17.0
1992 12  82.6  22.4
1993  1  59.3  22.3
1993  2  91.0  24.7
1993  3  69.8  16.6
1993  4  62.2  26.5
1993  5  61.3  31.5
1993  6  49.8  30.1
1993  7  57.9  13.7
1993  8  42.2  12.9
1993  9  22.4  13.4
1993 10  56.4  20.4
1993 11  35.6  15.0
1993 12  48.9  22.2
1994  1  57.8  24.7
1994  2  35.5   7.4
1994  3  31.7  15.5
1994  4  16.1  12.1
1994  5  17.8  12.1
1994  6  28.0  20.1
1994  7  35.1  18.9
1994  8  22.5  12.4
1994  9  25.7  19.2
1994 10  44.0  13.5
1994 11  18.0  10.8
1994 12  26.2  13.8
1995  1  24.2  17.3
1995  2  29.9  11.3
1995  3  31.1  17.5
1995  4  14.0  16.2
1995  5  14.5  13.4
1995  6  15.6   8.0
1995  7  14.5   9.4
1995  8  14.3  10.0
1995  9  11.8   9.9
1995 10  21.1  17.7
1995 11   9.0   7.6
1995 12  10.0   6.1
1996  1  11.5  14.4
1996  2   4.4   5.0
1996  3   9.2   7.3
1996  4   4.8   6.0
1996  5   5.5   6.4
1996  6  11.8   7.3
1996  7   8.2   9.1
1996  8  14.4   4.5
1996  9   1.6   3.8
1996 10   0.9   2.8
1996 11  17.9  17.8
1996 12  13.3  12.1
1997  1   5.7   5.2
1997  2   7.6   9.5
1997  3   8.7   7.8
1997  4  15.5   9.8
1997  5  18.5  13.4
1997  6  12.7   5.7
1997  7  10.4  10.9
1997  8  24.4  15.6
1997  9  51.3  24.8
1997 10  22.8   9.1
1997 11  39.0  10.8
1997 12  41.2  12.9
1998  1  31.9  21.0
1998  2  40.3  15.9
1998  3  54.8  13.7
1998  4  53.4  29.9
1998  5  56.3  19.1
1998  6  70.7  18.1
1998  7  66.6  20.0
1998  8  92.2  17.0
1998  9  92.9  24.8
1998 10  55.5  25.5
1998 11  74.0  25.4
1998 12  81.9  24.2
1999  1  62.0  30.0
1999  2  66.3  41.7
1999  3  68.8  24.9
1999  4  63.7  18.0
1999  5 106.4  20.0
1999  6 137.7  33.3
1999  7 113.5  26.0
1999  8  93.7  42.7
1999  9  71.5  24.0
1999 10 116.7  27.9
1999 11 133.2  36.2
1999 12  84.6  18.2
2000  1  90.1  34.7
2000  2 112.9  24.3
2000  3 138.5  25.8
2000  4 125.5  29.4
2000  5 121.6  44.4
2000  6 124.9  25.0
2000  7 170.1  43.3
2000  8 130.5  36.8
2000  9 109.7  39.5
2000 10  99.4  24.9
2000 11 106.8  23.3
2000 12 104.4  28.5
2001  1  95.6  19.3
2001  2  80.6  19.6
2001  3 113.5  62.8
2001  4 107.7  33.9
2001  5  96.6  21.1
2001  6 134.0  36.7
2001  7  81.8  24.9
2001  8 106.4  14.2
2001  9 150.7  27.7
2001 10 125.5  22.8
2001 11 106.5  25.0
2001 12 132.2  19.2
2002  1 114.1  16.9
2002  2 107.4  21.9
2002  3  98.4  13.6
2002  4 120.7  24.6
2002  5 120.8  25.0
2002  6  88.3  29.5
2002  7  99.6  42.0
2002  8 116.4  36.3
2002  9 109.6  18.8
2002 10  97.5  22.1
2002 11  95.5  26.3
2002 12  80.8  35.8
2003  1  79.7  21.8
2003  2  46.0  21.6
2003  3  61.1  25.1
2003  4  60.0  29.1
2003  5  54.6  21.6
2003  6  77.4  22.7
2003  7  83.3  33.4
2003  8  72.7  10.6
2003  9  48.7  16.8
2003 10  65.5  46.1
2003 11  67.3  42.7
2003 12  46.5  22.4
2004  1  37.3  14.8
2004  2  45.8  13.8
2004  3  49.1  16.8
2004  4  39.3  14.8
2004  5  41.5  15.9
2004  6  43.2  19.1
2004  7  51.1  30.1
2004  8  40.9  18.6
2004  9  27.7  13.2
2004 10  48.0  35.3
2004 11  43.5  14.3
2004 12  17.9   7.0
2005  1  31.3  16.5
2005  2  29.2  16.0
2005  3  24.5  13.0
2005  4  24.2   8.2
2005  5  42.7  17.2
2005  6  39.3  21.0
2005  7  40.1  34.1
2005  8  36.4  11.9
2005  9  21.9  11.7
2005 10   8.7   5.2
2005 11  18.0   8.3
2005 12  41.1   9.9
2006  1  15.3   9.6
2006  2   4.9   5.4
2006  3  10.6   8.3
2006  4  30.2  14.6
2006  5  22.3  12.4
2006  6  13.9   9.7
2006  7  12.2   5.6
2006  8  12.9   6.6
2006  9  14.4   9.0
2006 10  10.5   8.7
2006 11  21.4  12.1
2006 12  13.6  10.9
2007  1  16.8   7.3
2007  2  10.7   7.4
2007  3   4.5   4.9
2007  4   3.4   6.2
2007  5  11.7   6.8
2007  6  12.1  13.0
2007  7   9.7   8.2
2007  8   6.0   4.2
2007  9   2.4   4.2
2007 10   0.9   2.8
2007 11   1.7   3.6
2007 12  10.1  10.6
2008  1   3.3   4.3
2008  2   2.1   3.8
2008  3   9.3  13.2
2008  4   2.9   4.4
2008  5   3.2   4.9
2008  6   3.4   3.9
2008  7   0.8   2.5
2008  8   0.5   1.9
2008  9   1.1   2.8
2008 10   2.9   4.3
2008 11   4.1   4.9
2008 12   0.8   2.6
2009  1   1.3   3.1
2009  2   1.4   3.0
2009  3   0.7   2.3
2009  4   0.8   2.3
2009  5   2.9   4.1
2009  6   2.9   4.3
2009  7   3.2   5.4
2009  8   0.0   0.0
2009  9   4.3   6.4
2009 10   4.8   7.6
2009 11   4.1   4.9
2009 12  10.8   9.0
2010  1  13.2   7.3
2010  2  18.8   9.3
2010  3  15.3   7.1
2010  4   8.0   8.4
2010  5   8.7   8.9
2010  6  13.6   7.8
2010  7  16.1   6.7
2010  8  19.6  11.9
2010  9  25.2  11.7
2010 10  23.5  13.7
2010 11  21.5  10.1
2010 12  14.4   8.3
2011  1  18.8   7.7
2011  2  29.6  14.4
2011  3  55.8  25.0
2011  4  54.4  13.1
2011  5  41.5  17.1
2011  6  37.0  21.3
2011  7  43.8  15.9
2011  8  50.6  22.2
2011  9  78.0  21.2
2011 10  88.0  23.4
2011 11  96.7  14.6
2011 12  73.0  17.7
2012  1  58.3  18.6
2012  2  32.9  10.6
2012  3  64.3  16.2
2012  4  55.2  28.6
2012  5  69.0  11.0
2012  6  64.5  33.3
2012  7  66.5  22.8
2012  8  63.0  26.0
2012  9  61.4  22.1
2012 10  53.3  13.8
2012 11  61.8  22.5
2012 12  40.8   9.4
2013  1  62.9  30.0
2013  2  38.1  13.6
2013  3  57.9  20.2
2013  4  72.4  12.8
2013  5  78.7  21.5
2013  6  52.5  23.7
2013  7  57.0  15.9
2013  8  66.0  20.6
2013  9  37.0  15.0
2013 10  85.6  24.1
2013 11  77.6  27.9
2013 12  90.3  17.0
2014  1  81.8  17.6
2014  2 102.3  20.8
2014  3  91.9  11.9
2014  4  84.7  32.4
2014  5  75.2  22.3
2014  6  71.0  28.7
2014  7  72.4  45.1
2014  8  74.6  20.9
2014  9  87.6  23.2
2014 10  60.6  21.9
2014 11  70.2  17.7
2014 12  76.7  24.4
2015  1  67.0  23.2
2015  2  44.8  16.3
2015  3  38.4  18.9
2015  4  54.4  27.6
